712284  05,10,04,08,01,03,09,07,06,02   2018-07-31 19:02
712283  10,02,07,01,04,08,05,09,03,06   2018-07-31 19:02
712282  09,05,08,01,03,06,04,02,10,07   2018-07-31 19:02
712281  04,07,10,09,05,03,01,02,08,06   2018-07-31 19:02
712280  02,05,04,06,10,07,09,01,03,08   2018-07-31 19:02
712279  04,06,01,03,05,07,02,10,08,09   2018-07-31 19:02
712278  06,03,04,09,05,08,07,01,02,10   2018-07-31 19:02
712277  10,01,06,05,08,03,04,09,07,02   2018-07-31 19:02
712276  04,06,08,02,03,01,10,09,07,05   2018-07-31 19:02
712275  01,09,06,02,03,05,08,04,07,10   2018-07-31 19:02
712274  04,10,09,03,02,06,08,01,07,05   2018-07-31 19:02
712273  07,04,05,02,01,03,09,06,10,08   2018-07-31 19:02
712272  03,05,07,06,04,09,10,02,01,08   2018-07-31 19:02
712271  07,04,08,10,06,01,09,05,03,02   2018-07-31 19:02
712270  09,04,08,06,07,02,01,05,03,10   2018-07-31 19:02
712269  10,09,08,01,02,03,05,06,07,04   2018-07-31 19:02
712268  09,05,10,04,02,07,08,06,03,01   2018-07-31 19:02
712267  02,01,07,09,04,08,10,05,06,03   2018-07-31 19:02
712266  08,10,09,07,03,04,05,01,02,06   2018-07-31 19:02
712265  10,01,03,04,05,02,08,09,07,06   2018-07-31 19:02
712264  05,06,02,03,08,07,04,09,10,01   2018-07-31 19:02
712263  08,01,02,09,05,04,06,07,03,10   2018-07-31 19:02
712262  05,04,01,03,09,10,07,08,06,02   2018-07-31 19:02
712261  05,02,08,01,04,03,07,10,06,09   2018-07-31 19:02
712260  10,05,09,08,01,02,04,06,03,07   2018-07-31 19:02
712259  09,03,01,04,05,06,08,07,10,02   2018-07-31 19:02
712258  05,02,08,06,04,09,03,07,10,01   2018-07-31 19:02
712257  06,09,08,04,10,07,02,03,05,01   2018-07-31 19:02
712256  08,07,04,02,05,01,10,03,06,09   2018-07-31 19:02
712255  01,07,08,09,06,04,05,10,03,02   2018-07-31 19:02
712254  03,08,04,01,06,05,02,07,09,10   2018-07-31 19:02
712253  01,08,04,02,09,10,07,03,05,06   2018-07-31 19:02
712252  05,09,03,01,04,08,06,02,07,10   2018-07-31 19:02
712251  10,02,09,01,03,07,06,04,08,05   2018-07-31 19:02
712250  01,09,05,02,07,08,03,06,10,04   2018-07-31 19:02
712249  04,03,07,02,01,08,09,10,06,05   2018-07-31 19:02
712248  05,08,10,04,02,01,07,03,06,09   2018-07-31 19:02
712247  04,03,01,06,08,02,09,10,07,05   2018-07-31 19:02
712246  02,08,04,06,03,01,10,09,05,07   2018-07-31 19:02
712245  04,03,08,02,01,07,10,05,09,06   2018-07-31 19:02
712244  07,05,03,06,08,04,02,01,10,09   2018-07-31 19:02
712243  03,08,09,04,05,06,02,10,01,07   2018-07-31 19:02
712242  09,03,06,07,10,05,08,04,02,01   2018-07-31 19:02
712241  08,03,05,09,02,07,01,06,04,10   2018-07-31 19:02
712240  08,03,06,04,09,01,02,05,07,10   2018-07-31 19:02
712239  08,06,03,05,01,10,04,09,07,02   2018-07-31 19:02
712238  07,02,01,10,06,08,09,05,03,04   2018-07-31 19:02
712237  09,04,08,05,01,03,06,02,07,10   2018-07-31 19:02
712236  09,06,02,08,03,10,05,01,07,04   2018-07-31 19:02
712235  10,07,03,02,09,08,04,06,05,01   2018-07-31 19:02
712234  09,07,08,01,05,02,06,03,10,04   2018-07-31 19:02
712233  09,03,10,08,05,06,07,02,01,04   2018-07-31 19:02
712232  08,09,03,06,04,02,07,05,01,10   2018-07-31 19:02
712231  05,04,06,08,09,10,02,01,03,07   2018-07-31 19:02
712230  07,08,10,04,03,02,09,06,05,01   2018-07-31 19:02
712229  02,06,08,10,09,04,07,05,01,03   2018-07-31 19:02
712228  07,01,02,04,10,09,03,05,08,06   2018-07-31 19:02
712227  06,04,01,08,07,10,05,09,03,02   2018-07-31 19:02
712226  06,10,05,04,07,02,03,01,09,08   2018-07-31 19:02
712225  03,04,01,02,07,06,05,08,10,09   2018-07-31 19:02
712224  04,01,05,03,08,06,07,02,09,10   2018-07-31 19:02
712223  01,10,07,09,02,06,03,08,04,05   2018-07-31 19:02
712222  05,07,03,08,02,01,04,09,06,10   2018-07-31 19:02
712221  02,04,05,03,01,08,09,07,06,10   2018-07-31 19:02
712220  07,09,04,03,05,10,02,08,01,06   2018-07-31 19:02
712219  09,03,07,08,04,05,01,02,10,06   2018-07-31 19:02
712218  01,07,09,02,03,10,04,08,05,06   2018-07-31 19:02
712217  06,08,01,07,05,03,10,04,02,09   2018-07-31 19:02
712216  04,02,07,08,05,10,09,06,01,03   2018-07-31 19:02
712215  06,09,08,04,02,05,07,10,03,01   2018-07-31 19:02
712214  01,07,05,10,06,04,02,09,08,03   2018-07-31 19:02
712213  04,05,10,07,01,08,06,03,09,02   2018-07-31 19:02
712212  06,04,10,05,09,02,01,08,03,07   2018-07-31 19:02
712211  02,01,07,03,08,10,05,09,04,06   2018-07-31 19:02
712210  06,02,07,10,04,05,03,08,09,01   2018-07-31 19:02
712209  03,02,07,09,04,08,06,10,05,01   2018-07-31 19:02
712208  09,01,06,10,08,02,04,05,07,03   2018-07-31 19:02
712207  07,03,05,04,10,09,01,08,06,02   2018-07-31 19:02
712206  01,09,10,03,05,04,08,02,06,07   2018-07-31 19:02
712205  09,10,07,08,06,05,04,03,01,02   2018-07-31 19:02
712204  08,06,01,02,07,05,09,10,04,03   2018-07-31 19:02
712203  08,06,04,05,02,10,07,09,03,01   2018-07-31 19:02
712202  08,03,07,09,02,05,10,04,06,01   2018-07-31 19:02
712201  08,02,01,04,05,10,06,03,09,07   2018-07-31 19:02
712200  09,10,02,06,07,03,05,01,04,08   2018-07-31 19:02
712199  01,05,04,03,02,10,06,07,09,08   2018-07-31 19:02
712198  05,01,06,02,08,07,03,09,04,10   2018-07-31 19:02
712197  05,04,10,01,03,08,06,07,02,09   2018-07-31 19:02
712196  04,06,09,08,10,03,07,02,05,01   2018-07-31 19:02
712195  06,07,02,01,03,10,05,04,08,09   2018-07-31 19:02
712194  07,09,01,03,02,08,05,04,10,06   2018-07-31 19:02
712193  10,01,08,04,02,03,05,07,06,09   2018-07-31 19:02
712192  05,03,08,02,04,09,07,06,10,01   2018-07-31 19:02
712191  09,06,03,01,05,10,08,07,02,04   2018-07-31 19:02
712190  07,04,02,10,09,01,03,06,05,08   2018-07-31 19:02
712189  09,02,08,03,04,05,07,06,01,10   2018-07-31 19:02
712188  05,04,08,06,07,02,03,10,01,09   2018-07-31 19:02
712187  05,08,03,01,06,07,02,10,04,09   2018-07-31 19:02
712186  02,10,05,06,01,08,09,03,04,07   2018-07-31 19:02
712185  01,03,08,09,10,05,04,07,06,02   2018-07-31 19:02
712184  02,09,01,10,04,05,07,06,03,08   2018-07-31 19:02
712183  05,06,08,01,04,03,07,10,09,02   2018-07-31 19:02
712182  05,07,08,03,01,09,02,10,06,04   2018-07-31 19:02
712181  01,06,05,07,04,02,10,09,03,08   2018-07-31 19:02
712180  08,02,07,04,09,10,03,06,01,05   2018-07-31 19:02
712179  02,07,05,06,03,04,09,10,08,01   2018-07-31 19:02
712178  06,01,02,03,08,09,10,07,04,05   2018-07-31 19:02
712177  06,01,10,07,03,04,08,05,09,02   2018-07-31 19:02
712176  10,07,04,08,01,05,02,03,09,06   2018-07-31 19:02
712175  05,08,03,10,02,09,07,04,01,06   2018-07-31 19:02
712174  06,08,02,03,09,05,01,04,10,07   2018-07-31 19:02
712173  06,10,09,05,02,03,08,04,01,07   2018-07-31 19:02
712172  03,01,02,05,06,10,09,07,08,04   2018-07-31 19:02
712171  07,04,06,09,05,02,03,01,08,10   2018-07-31 19:02
712170  02,03,01,06,10,04,07,05,09,08   2018-07-31 19:02
712169  09,05,03,06,04,08,01,07,10,02   2018-07-31 19:02
712168  05,09,02,01,07,03,10,08,06,04   2018-07-31 19:02
712167  10,09,08,04,05,01,06,02,03,07   2018-07-31 19:02
712166  03,06,09,10,01,07,04,08,02,05   2018-07-31 19:02
712165  08,06,01,03,10,02,07,04,09,05   2018-07-31 19:02
712164  06,04,09,08,05,07,03,10,02,01   2018-07-31 19:02
712163  06,09,02,03,10,07,04,05,01,08   2018-07-31 19:02
712162  05,08,03,04,10,01,06,09,02,07   2018-07-31 19:02
712161  07,08,09,03,06,01,02,10,05,04   2018-07-31 19:02
712160  05,06,02,04,08,01,10,07,03,09   2018-07-31 19:02
712159  09,04,02,01,07,05,06,03,10,08   2018-07-31 19:02
712158  03,08,09,04,05,06,10,01,02,07   2018-07-31 19:02
712157  07,02,03,09,06,05,10,08,04,01   2018-07-31 19:02
712156  01,10,02,05,09,07,08,03,06,04   2018-07-31 19:02
712155  07,02,08,06,05,03,01,10,09,04   2018-07-31 19:02
712154  09,02,06,01,03,05,08,10,04,07   2018-07-31 19:02
712153  03,08,07,01,10,02,09,06,05,04   2018-07-31 19:02
712152  01,02,07,08,05,10,04,03,06,09   2018-07-31 19:02
712151  02,09,07,04,10,05,01,06,03,08   2018-07-31 19:02
712150  03,05,10,01,09,04,06,07,08,02   2018-07-31 19:02
712149  10,07,05,08,01,06,03,02,09,04   2018-07-31 19:02
712148  08,03,10,09,06,02,07,05,04,01   2018-07-31 19:02
712147  09,03,06,04,05,01,07,08,02,10   2018-07-31 19:02
712146  10,02,07,09,08,05,06,03,04,01   2018-07-31 19:02
712145  07,01,08,04,02,10,05,09,03,06   2018-07-31 19:02
712144  05,09,08,01,10,07,04,06,02,03   2018-07-31 19:02
712143  10,07,05,02,04,08,03,01,09,06   2018-07-31 19:02
712142  10,01,03,02,05,08,09,04,07,06   2018-07-31 19:02
712141  03,08,02,01,10,07,06,09,05,04   2018-07-31 19:02
712140  06,03,07,01,08,10,09,04,05,02   2018-07-31 19:02
712139  05,04,01,02,09,08,10,06,03,07   2018-07-31 19:02
712138  01,04,05,02,06,03,08,09,10,07   2018-07-31 19:02
712137  09,01,03,05,10,08,02,07,06,04   2018-07-31 19:02
712136  06,09,08,05,04,01,02,07,03,10   2018-07-31 19:02
712135  06,04,08,10,03,07,01,09,05,02   2018-07-31 19:02
712134  04,07,09,02,03,05,06,10,08,01   2018-07-31 19:02
712133  01,09,06,08,10,03,05,07,02,04   2018-07-31 19:02
712132  07,01,05,04,06,08,09,03,02,10   2018-07-31 19:02
712131  03,08,04,09,05,07,02,06,10,01   2018-07-31 19:02
712130  02,03,09,04,05,08,06,07,10,01   2018-07-31 19:02
712129  04,05,09,02,10,06,03,01,07,08   2018-07-31 19:02
712128  01,10,07,05,03,08,06,04,02,09   2018-07-31 19:02
712127  09,02,10,05,03,08,04,01,07,06   2018-07-31 19:02
712126  07,05,10,08,03,02,01,04,09,06   2018-07-31 19:02
712125  05,04,07,08,06,09,03,10,02,01   2018-07-31 19:02
712124  01,08,10,04,03,09,07,02,05,06   2018-07-31 19:02
712123  07,09,01,06,05,10,08,03,02,04   2018-07-31 19:02
712122  07,10,03,09,04,02,06,01,08,05   2018-07-31 19:02
712121  06,03,05,02,04,01,09,10,08,07   2018-07-31 19:02
712120  05,03,07,04,10,06,02,08,09,01   2018-07-31 19:02
712119  09,04,06,10,01,02,08,05,07,03   2018-07-31 19:02
712118  01,08,05,09,02,06,10,03,04,07   2018-07-31 19:02
712117  02,09,03,07,04,06,10,08,05,01   2018-07-31 19:02
712116  05,03,02,09,07,10,08,01,06,04   2018-07-31 19:02
712115  02,05,03,10,09,04,07,06,08,01   2018-07-31 19:02
712114  03,10,02,04,09,08,01,06,07,05   2018-07-31 19:02
712113  04,05,06,01,10,03,08,07,02,09   2018-07-31 19:02
712112  08,01,05,06,04,07,03,10,09,02   2018-07-31 19:02
712111  01,06,02,04,05,10,09,03,08,07   2018-07-31 19:02
712110  04,09,02,01,08,03,10,07,05,06   2018-07-31 19:02
712109  07,05,09,03,10,04,08,02,01,06   2018-07-31 19:02
712108  06,02,08,07,04,10,03,01,05,09   2018-07-31 19:02
712107  09,04,05,07,02,10,08,01,06,03   2018-07-31 19:02
712106  01,09,08,06,03,04,10,07,02,05   2018-07-31 19:02
712105  10,01,03,04,06,07,08,09,05,02   2018-07-31 19:02
712104  10,07,02,08,05,04,01,09,03,06   2018-07-31 19:02
712103  08,07,06,03,05,02,09,10,04,01   2018-07-31 19:02
712102  03,07,08,04,05,02,01,06,09,10   2018-07-31 19:02
712101  01,03,08,04,07,05,10,09,06,02   2018-07-31 19:02
712100  08,05,04,02,06,07,01,09,10,03   2018-07-31 19:02
712099  03,08,10,02,04,06,07,01,09,05   2018-07-31 19:02
712098  10,08,04,07,01,03,05,02,09,06   2018-07-31 19:02
712097  06,01,10,09,05,04,03,07,02,08   2018-07-31 19:02
712096  05,10,06,04,07,03,01,02,08,09   2018-07-31 19:02
712095  03,06,05,07,02,01,09,10,08,04   2018-07-31 19:02
712094  01,08,06,04,05,09,10,03,07,02   2018-07-31 19:02
712093  09,02,01,07,06,10,04,03,05,08   2018-07-31 19:02
712092  07,03,10,05,02,08,09,06,04,01   2018-07-31 19:02
712091  06,02,09,01,04,05,10,07,03,08   2018-07-31 19:02
712090  02,07,10,01,04,05,06,09,03,08   2018-07-31 19:02
712089  06,02,01,05,03,04,07,08,09,10   2018-07-31 19:02
712088  10,07,03,06,04,09,08,02,01,05   2018-07-31 19:02
712087  04,07,02,05,06,09,01,03,08,10   2018-07-31 19:02
712086  05,09,06,10,01,03,08,02,07,04   2018-07-31 19:02
712085  08,10,05,04,07,09,02,03,01,06   2018-07-31 19:02
712084  06,01,02,05,08,09,10,03,04,07   2018-07-31 19:02
712083  04,09,01,02,07,08,10,05,03,06   2018-07-31 19:02
712082  08,06,03,09,10,01,07,02,04,05   2018-07-31 19:02
712081  01,04,03,05,07,02,06,10,08,09   2018-07-31 19:02
712080  04,02,08,07,03,06,10,01,09,05   2018-07-31 19:02
712079  08,07,05,10,09,03,04,01,02,06   2018-07-31 19:02
712078  03,05,08,02,04,09,06,07,01,10   2018-07-31 19:02
712077  10,01,06,02,07,03,05,04,08,09   2018-07-31 19:02
712076  08,01,03,02,07,09,10,04,06,05   2018-07-31 19:02
712075  08,10,09,02,01,07,05,03,04,06   2018-07-31 19:02
712074  05,03,09,10,08,01,07,04,06,02   2018-07-31 19:02
712073  03,01,06,08,09,10,07,05,04,02   2018-07-31 19:02
712072  06,07,09,02,01,05,08,10,03,04   2018-07-31 19:02
712071  07,05,06,03,04,02,01,10,09,08   2018-07-31 19:02
712070  07,05,10,02,09,04,06,01,03,08   2018-07-31 19:02
712069  04,06,08,02,07,09,03,01,10,05   2018-07-31 19:02
712068  08,03,10,09,04,02,05,06,01,07   2018-07-31 19:02
712067  08,09,05,03,06,10,02,01,04,07   2018-07-31 19:02
712066  01,06,10,07,05,02,08,04,03,09   2018-07-31 19:02
712065  01,03,08,05,06,10,04,02,09,07   2018-07-31 19:02
712064  02,01,10,07,04,09,06,08,03,05   2018-07-31 19:02
712063  05,10,04,02,08,06,01,07,09,03   2018-07-31 19:02
712062  06,04,08,03,01,05,07,02,09,10   2018-07-31 19:02
712061  10,02,08,09,04,01,06,03,07,05   2018-07-31 19:02
712060  04,08,09,10,05,06,03,07,01,02   2018-07-31 19:02
712059  09,10,07,06,03,01,04,08,05,02   2018-07-31 19:02
712058  02,09,05,03,04,08,10,01,07,06   2018-07-31 19:02
712057  01,08,02,07,03,09,06,04,05,10   2018-07-31 19:02
712056  04,06,03,09,10,08,05,02,07,01   2018-07-31 19:02
712055  01,05,08,09,06,02,07,10,03,04   2018-07-31 19:02
712054  05,10,02,01,06,08,03,04,07,09   2018-07-31 19:02
712053  08,10,06,01,09,07,05,03,04,02   2018-07-31 19:02
712052  03,07,02,05,08,10,04,06,01,09   2018-07-31 19:02
712051  05,10,02,07,03,09,04,08,01,06   2018-07-31 19:02
712050  05,07,09,08,06,01,02,03,04,10   2018-07-31 19:02
712049  10,01,07,09,02,05,08,06,04,03   2018-07-31 19:02
712048  10,06,09,02,07,03,08,01,04,05   2018-07-31 19:02
712047  05,09,01,04,10,06,07,08,02,03   2018-07-31 19:02
712046  04,01,02,06,09,05,03,10,08,07   2018-07-31 19:02
712045  06,05,09,07,10,08,02,04,01,03   2018-07-31 19:02
712044  02,01,05,07,10,03,04,06,09,08   2018-07-31 19:02
712043  04,05,02,01,10,07,06,09,03,08   2018-07-31 19:02
712042  06,01,08,09,07,02,05,03,10,04   2018-07-31 19:02
712041  05,06,10,03,04,02,09,08,07,01   2018-07-31 19:02
712040  04,10,08,01,02,09,06,07,05,03   2018-07-31 19:02
712039  05,06,01,10,07,02,03,09,04,08   2018-07-31 19:02
712038  03,02,07,10,01,08,04,05,09,06   2018-07-31 19:02
712037  10,09,05,08,06,07,03,04,01,02   2018-07-31 19:02
712036  02,01,03,10,07,05,04,08,06,09   2018-07-31 19:02
712035  10,08,07,02,06,05,04,09,03,01   2018-07-31 19:02
712034  10,09,03,02,06,07,04,01,08,05   2018-07-31 19:02
712033  06,04,10,03,02,01,08,09,07,05   2018-07-31 19:02
712032  07,09,10,05,08,01,03,06,04,02   2018-07-31 19:02
712031  10,03,09,01,02,06,08,05,04,07   2018-07-31 19:02
712030  02,09,06,04,08,10,01,07,05,03   2018-07-31 19:02
712029  09,06,08,05,03,04,10,01,07,02   2018-07-31 19:02
712028  01,05,04,10,08,03,02,07,09,06   2018-07-31 19:02
712027  09,06,01,04,08,10,05,07,02,03   2018-07-31 19:02
712026  03,02,10,05,04,08,01,06,07,09   2018-07-31 19:02
712025  03,01,09,07,04,02,08,10,05,06   2018-07-31 19:02
712024  03,05,10,07,02,08,06,01,04,09   2018-07-31 19:02
712023  04,07,06,09,03,08,10,01,05,02   2018-07-31 19:02
712022  10,07,03,02,01,04,08,09,05,06   2018-07-31 19:02
712021  07,03,02,05,10,01,06,04,08,09   2018-07-31 19:02
712020  02,06,07,04,10,05,08,03,01,09   2018-07-31 19:02
712019  02,03,01,08,09,10,05,06,07,04   2018-07-31 19:02
712018  01,07,03,10,05,02,06,09,08,04   2018-07-31 19:02
712017  07,06,03,09,04,01,05,10,02,08   2018-07-31 19:02
712016  10,06,09,05,08,03,01,04,02,07   2018-07-31 19:02
712015  07,03,10,06,08,05,04,09,02,01   2018-07-31 19:02
712014  09,08,05,10,04,03,07,01,06,02   2018-07-31 19:02
712013  02,05,08,04,10,01,03,07,06,09   2018-07-31 19:02
712012  10,06,03,05,04,01,02,09,08,07   2018-07-31 19:02
712011  02,04,06,10,01,03,08,07,09,05   2018-07-31 19:02
712010  10,07,02,05,01,03,08,09,04,06   2018-07-31 19:02
712009  06,04,10,03,08,07,01,09,05,02   2018-07-31 19:02
712008  08,10,02,03,07,04,06,01,05,09   2018-07-31 19:02
712007  10,04,07,08,02,09,01,06,03,05   2018-07-31 19:02
712006  02,08,04,10,07,06,05,09,03,01   2018-07-31 19:02
712005  06,04,10,01,07,02,09,08,05,03   2018-07-31 19:02
712004  01,08,05,09,07,10,03,04,02,06   2018-07-31 19:02
712003  04,05,03,10,06,07,09,01,02,08   2018-07-31 19:02
712002  09,08,02,10,06,03,07,01,05,04   2018-07-31 19:02
712001  05,01,03,04,07,10,09,02,08,06   2018-07-31 19:02
712000  08,10,05,04,06,07,03,09,01,02   2018-07-31 19:02
711999  02,05,03,04,07,10,01,08,09,06   2018-07-31 19:02
711998  06,05,08,10,03,09,04,02,01,07   2018-07-31 19:02
711997  02,07,03,04,06,08,01,09,10,05   2018-07-31 19:02
711996  03,09,08,02,05,06,01,07,10,04   2018-07-31 19:02
711995  02,05,04,06,01,08,07,03,10,09   2018-07-31 19:02
711994  03,09,02,10,04,07,01,05,08,06   2018-07-31 19:02
711993  09,01,05,08,04,07,02,03,06,10   2018-07-31 19:02
711992  08,07,02,09,10,01,06,03,04,05   2018-07-31 19:02
711991  08,01,02,07,04,06,10,05,03,09   2018-07-31 19:02
711990  01,05,09,10,03,02,06,08,07,04   2018-07-31 19:02
711989  08,01,05,04,10,06,03,07,02,09   2018-07-31 19:02
711988  10,09,06,04,08,02,05,03,07,01   2018-07-31 19:02
711987  03,10,01,06,09,05,04,07,08,02   2018-07-31 19:02
711986  09,04,10,02,03,05,08,06,07,01   2018-07-31 19:02
711985  02,08,10,05,04,07,01,03,09,06   2018-07-31 19:02
711984  05,01,06,04,10,09,08,03,02,07   2018-07-31 19:02
711983  06,03,05,09,10,02,08,04,01,07   2018-07-31 19:02
711982  10,06,09,05,04,03,07,02,01,08   2018-07-31 19:02
711981  06,01,04,03,05,10,08,07,02,09   2018-07-31 19:02
711980  04,08,01,09,05,10,07,02,03,06   2018-07-31 19:02
711979  04,09,07,02,06,03,08,10,05,01   2018-07-31 19:02
711978  06,01,10,07,05,08,09,03,04,02   2018-07-31 19:02
711977  05,06,07,03,09,10,08,02,01,04   2018-07-31 19:02
711976  07,10,03,04,01,08,06,09,05,02   2018-07-31 19:02
711975  09,10,04,08,06,01,05,02,03,07   2018-07-31 19:02
711974  03,02,06,05,08,09,01,07,10,04   2018-07-31 19:02
711973  05,04,07,09,08,10,02,06,03,01   2018-07-31 19:02
711972  10,09,03,06,07,01,04,02,08,05   2018-07-31 19:02
711971  02,04,08,10,01,06,03,07,05,09   2018-07-31 19:02
711970  03,09,02,04,08,06,07,10,01,05   2018-07-31 19:02
711969  05,04,01,03,02,06,08,10,07,09   2018-07-31 19:02
711968  02,01,09,08,04,05,03,10,06,07   2018-07-31 19:02
711967  01,02,08,04,06,03,09,10,07,05   2018-07-31 19:02
711966  06,07,05,03,02,01,04,09,10,08   2018-07-31 19:02
711965  05,09,06,07,02,04,08,03,01,10   2018-07-31 19:02
711964  07,01,09,05,03,04,08,06,10,02   2018-07-31 19:02
711963  02,03,08,01,10,06,07,09,04,05   2018-07-31 19:02
711962  10,02,05,09,08,06,07,01,04,03   2018-07-31 19:02
711961  03,05,02,01,06,10,08,04,09,07   2018-07-31 19:02
711960  04,01,08,10,05,03,06,02,09,07   2018-07-31 19:02
711959  05,03,01,10,06,09,08,02,04,07   2018-07-31 19:02
711958  08,05,07,09,01,04,10,03,02,06   2018-07-31 19:02
711957  06,04,09,02,01,07,08,10,03,05   2018-07-31 19:02
711956  09,04,05,06,07,08,10,01,02,03   2018-07-31 19:02
711955  06,10,02,05,07,04,01,03,09,08   2018-07-31 19:02
711954  03,04,09,07,06,02,01,10,05,08   2018-07-31 19:02
711953  05,07,08,10,01,09,02,03,06,04   2018-07-31 19:02
711952  05,08,02,10,07,06,03,04,01,09   2018-07-31 19:02
711951  09,05,03,07,08,02,10,01,06,04   2018-07-31 19:02
711950  04,01,08,07,03,05,06,10,02,09   2018-07-31 19:02
711949  08,02,06,04,09,01,07,10,05,03   2018-07-31 19:02
711948  02,10,06,05,07,04,01,03,08,09   2018-07-31 19:02
711947  04,02,09,07,01,05,08,06,10,03   2018-07-31 19:02
711946  05,06,03,04,10,02,01,09,07,08   2018-07-31 19:02
711945  07,04,06,10,09,08,03,05,01,02   2018-07-31 19:02
711944  10,05,02,06,08,04,07,03,09,01   2018-07-31 19:02
711943  08,04,10,02,03,06,01,09,05,07   2018-07-31 19:02
711942  06,02,01,05,04,09,08,07,03,10   2018-07-31 19:02
711941  07,04,08,06,10,01,02,05,09,03   2018-07-31 19:02
711940  06,07,09,01,02,03,05,08,04,10   2018-07-31 19:02
711939  06,03,09,07,10,05,02,04,08,01   2018-07-31 19:02
711938  05,06,09,03,04,10,02,08,01,07   2018-07-31 19:02
711937  03,04,06,01,02,10,09,05,07,08   2018-07-31 19:02
711936  07,10,06,01,05,02,04,03,08,09   2018-07-31 19:02
711935  02,08,07,04,06,09,05,01,03,10   2018-07-31 19:02
711934  07,08,04,03,01,09,06,10,02,05   2018-07-31 19:02
711933  06,01,02,03,10,09,08,07,04,05   2018-07-31 19:02
711932  05,10,01,02,07,09,08,06,04,03   2018-07-31 19:02
711931  08,04,10,09,01,06,07,03,05,02   2018-07-31 19:02
711930  09,04,10,01,06,02,05,08,07,03   2018-07-31 19:02
711929  03,04,10,08,02,05,07,01,09,06   2018-07-31 19:02
711928  10,06,04,08,07,09,05,03,02,01   2018-07-31 19:02
711927  07,02,04,06,09,05,03,01,10,08   2018-07-31 19:02
711926  09,03,06,02,04,05,07,08,10,01   2018-07-31 19:02
711925  03,05,09,04,06,02,10,01,08,07   2018-07-31 19:02
711924  05,09,07,06,10,02,04,08,01,03   2018-07-31 19:02
711923  02,01,08,06,07,10,03,04,09,05   2018-07-31 19:02
711922  03,08,10,07,01,06,04,02,05,09   2018-07-31 19:02
711921  07,02,01,08,05,10,06,03,04,09   2018-07-31 19:02
711920  04,09,02,10,01,06,08,03,07,05   2018-07-31 19:02
711919  06,01,02,08,05,04,07,03,10,09   2018-07-31 19:02
711918  02,08,10,09,04,03,01,06,07,05   2018-07-31 19:02
711917  03,09,08,10,05,02,07,04,01,06   2018-07-31 19:02
711916  10,08,02,04,01,09,07,06,03,05   2018-07-31 19:02
711915  07,08,09,05,06,02,03,01,04,10   2018-07-31 19:02
711914  01,08,10,09,04,07,05,03,06,02   2018-07-31 19:02
711913  07,06,08,01,03,02,09,10,04,05   2018-07-31 19:02
711912  02,01,06,08,04,07,05,10,03,09   2018-07-31 19:02
711911  08,02,03,09,10,07,01,06,05,04   2018-07-31 19:02
711910  02,08,06,09,10,04,03,05,07,01   2018-07-31 19:02
711909  04,01,08,07,06,02,05,09,03,10   2018-07-31 19:02
711908  03,05,07,01,06,08,02,10,09,04   2018-07-31 19:02
711907  10,04,05,01,08,09,06,07,02,03   2018-07-31 19:02
711906  03,06,09,04,08,07,10,05,01,02   2018-07-31 19:02
711905  05,10,01,04,03,09,06,02,07,08   2018-07-31 19:02
711904  03,02,09,06,05,10,01,07,04,08   2018-07-31 19:02
711903  03,06,07,05,01,08,10,09,04,02   2018-07-31 19:02
711902  04,03,05,08,07,06,02,10,09,01   2018-07-31 19:02
711901  02,03,09,04,06,08,07,01,05,10   2018-07-31 19:02
711900  10,03,04,05,02,09,08,06,07,01   2018-07-31 19:02
711899  05,08,10,01,06,02,03,07,04,09   2018-07-31 19:02
711898  09,04,05,06,03,07,10,01,02,08   2018-07-31 19:02
711897  08,09,07,01,03,10,02,04,05,06   2018-07-31 19:02
711896  08,07,05,04,03,01,10,06,02,09   2018-07-31 19:02
711895  06,03,08,10,04,05,07,01,09,02   2018-07-31 19:02
711894  03,10,07,01,06,05,08,09,02,04   2018-07-31 19:02
711893  02,08,09,04,10,07,03,06,01,05   2018-07-31 19:02
711892  02,05,09,06,01,07,10,04,03,08   2018-07-31 19:02
711891  08,03,02,01,09,05,07,04,10,06   2018-07-31 19:02
711890  02,04,08,01,05,07,06,03,09,10   2018-07-31 19:02
711889  02,09,06,08,10,05,07,01,04,03   2018-07-31 19:02
711888  04,01,03,07,09,05,10,08,02,06   2018-07-31 19:02
711887  07,06,09,01,03,08,05,02,04,10   2018-07-31 19:02
711886  01,05,02,08,06,10,04,03,09,07   2018-07-31 19:02
711885  08,02,03,01,09,04,06,05,10,07   2018-07-31 19:02
711884  06,03,02,07,10,01,09,05,04,08   2018-07-31 19:02
711883  07,02,05,06,08,03,01,10,04,09   2018-07-31 19:02
711882  04,01,09,03,06,05,07,02,10,08   2018-07-31 19:02
711881  07,04,09,10,03,02,05,01,06,08   2018-07-31 19:02
711880  02,05,04,10,06,01,09,07,03,08   2018-07-31 19:02
711879  09,05,06,04,02,08,03,10,01,07   2018-07-31 19:02
711878  09,05,06,03,01,04,02,08,07,10   2018-07-31 19:02
711877  05,02,08,04,01,06,10,03,09,07   2018-07-31 19:02
711876  02,04,08,06,03,01,10,05,09,07   2018-07-31 19:02
711875  08,05,03,07,02,10,01,09,06,04   2018-07-31 19:02
711874  06,04,08,10,03,07,02,05,09,01   2018-07-31 19:02
711873  02,09,06,03,05,10,07,08,04,01   2018-07-31 19:02
711872  03,02,10,04,08,07,05,06,01,09   2018-07-31 19:02
711871  01,10,06,03,07,08,02,04,09,05   2018-07-31 19:02
711870  06,07,02,08,01,05,09,10,03,04   2018-07-31 19:02
711869  10,09,08,04,02,03,01,05,07,06   2018-07-31 19:02
711868  10,06,09,07,08,03,01,05,04,02   2018-07-31 19:02
711867  07,04,02,05,03,09,01,06,10,08   2018-07-31 19:02
711866  10,03,06,04,08,05,01,07,09,02   2018-07-31 19:02
711865  01,04,05,08,03,02,06,07,10,09   2018-07-31 19:02
711864  09,07,02,05,01,08,03,04,10,06   2018-07-31 19:02
711863  05,02,10,04,03,09,06,01,08,07   2018-07-31 19:02
711862  04,10,02,03,07,06,01,05,08,09   2018-07-31 19:02
711861  08,04,03,07,10,05,02,01,06,09   2018-07-31 19:02
711860  05,01,06,02,07,08,04,10,09,03   2018-07-31 19:02
711859  01,08,03,06,10,02,09,07,05,04   2018-07-31 19:02
711858  03,04,09,01,02,07,10,06,08,05   2018-07-31 19:02
711857  06,07,09,02,08,10,01,05,04,03   2018-07-31 19:02
711856  06,09,05,07,08,04,10,03,02,01   2018-07-31 19:02
711855  02,04,05,03,06,07,09,01,08,10   2018-07-31 19:02
711854  08,07,06,09,05,01,10,03,04,02   2018-07-31 19:02
711853  04,03,10,07,08,06,05,02,09,01   2018-07-31 19:02
711852  05,09,01,02,10,04,07,06,03,08   2018-07-31 19:02
711851  05,09,02,01,10,08,04,06,03,07   2018-07-31 19:02
711850  02,07,01,10,05,08,04,03,06,09   2018-07-31 19:02
711849  07,04,10,01,09,05,08,06,03,02   2018-07-31 19:02
711848  02,01,05,10,07,03,08,04,09,06   2018-07-31 19:02
711847  06,01,10,08,03,09,04,02,05,07   2018-07-31 19:02
711846  08,01,04,06,07,02,03,09,10,05   2018-07-31 19:02
711845  06,05,07,01,02,04,08,10,03,09   2018-07-31 19:02
711844  02,01,08,07,10,03,04,05,09,06   2018-07-31 19:02
711843  10,04,07,09,01,06,02,08,03,05   2018-07-31 19:02
711842  10,04,03,08,09,07,01,05,06,02   2018-07-31 19:02
711841  06,09,04,10,08,07,01,03,02,05   2018-07-31 19:02
711840  09,06,03,10,02,01,07,04,08,05   2018-07-31 19:02
711839  08,03,06,01,05,02,04,10,09,07   2018-07-31 19:02
711838  01,08,06,05,03,04,10,07,09,02   2018-07-31 19:02
711837  01,09,05,06,02,07,08,03,04,10   2018-07-31 19:02
711836  10,04,09,07,08,02,05,06,03,01   2018-07-31 19:02
711835  10,07,06,09,04,02,05,01,03,08   2018-07-31 19:02
711834  04,07,09,06,08,05,03,10,02,01   2018-07-31 19:02
711833  03,07,10,01,05,08,02,06,09,04   2018-07-31 19:02
711832  09,01,02,03,07,10,08,04,05,06   2018-07-31 19:02
711831  04,08,02,05,03,06,01,10,07,09   2018-07-31 19:02
711830  02,10,01,06,08,09,05,03,04,07   2018-07-31 19:02
711829  01,03,09,06,08,02,05,07,10,04   2018-07-31 19:02
711828  04,03,06,08,09,07,02,01,05,10   2018-07-31 19:02
711827  08,07,04,02,01,06,05,10,09,03   2018-07-31 19:02
711826  10,01,04,09,07,06,05,03,02,08   2018-07-31 19:02
711825  10,01,05,02,03,07,06,08,04,09   2018-07-31 19:02
711824  09,08,04,06,01,02,03,05,07,10   2018-07-31 19:02
711823  07,10,03,05,02,04,06,01,08,09   2018-07-31 19:02
711822  04,02,10,03,05,01,06,07,08,09   2018-07-31 19:02
711821  09,02,05,07,04,01,10,03,06,08   2018-07-31 19:02
711820  05,10,08,06,07,01,04,02,09,03   2018-07-31 19:02
711819  10,09,03,05,06,01,02,04,07,08   2018-07-31 19:02
711818  04,09,03,01,07,02,10,06,08,05   2018-07-31 19:02
711817  04,05,08,10,09,03,06,07,02,01   2018-07-31 19:02
711816  02,07,05,03,04,09,06,01,10,08   2018-07-31 19:02
711815  06,10,02,07,05,01,08,03,09,04   2018-07-31 19:02
711814  09,07,04,10,08,05,06,01,03,02   2018-07-31 19:02
711813  06,04,08,03,10,02,07,05,09,01   2018-07-31 19:02
711812  06,09,04,03,05,10,01,08,07,02   2018-07-31 19:02
711811  06,05,10,08,02,01,09,07,04,03   2018-07-31 19:02
711810  09,04,10,01,06,05,07,03,08,02   2018-07-31 19:02
711809  06,01,08,03,07,10,02,09,05,04   2018-07-31 19:02
711808  04,03,01,08,10,06,07,02,09,05   2018-07-31 19:02
711807  07,01,06,05,03,08,09,10,04,02   2018-07-31 19:02
711806  03,04,06,01,05,10,02,07,08,09   2018-07-31 19:02
711805  01,05,02,06,07,10,08,04,09,03   2018-07-31 19:02
711804  02,01,06,05,07,04,03,10,08,09   2018-07-31 19:02
711803  03,01,08,10,04,02,07,09,06,05   2018-07-31 19:02
711802  09,06,10,05,07,08,01,02,03,04   2018-07-31 19:02
711801  10,03,08,09,07,06,01,05,02,04   2018-07-31 19:02
711800  08,10,06,02,07,03,01,04,09,05   2018-07-31 19:02
711799  05,08,02,06,01,03,09,04,10,07   2018-07-31 19:02
711798  07,09,08,02,04,03,01,06,10,05   2018-07-31 19:02
711797  05,04,01,03,02,09,10,06,08,07   2018-07-31 19:02
711796  04,02,06,01,09,07,08,03,10,05   2018-07-31 19:02
711795  04,02,06,03,10,09,08,07,01,05   2018-07-31 19:02
711794  03,02,05,01,08,04,06,07,09,10   2018-07-31 19:02
711793  08,05,01,07,02,06,04,03,10,09   2018-07-31 19:02
711792  04,02,09,03,08,06,05,07,01,10   2018-07-31 19:02
711791  05,09,02,01,10,04,08,06,03,07   2018-07-31 19:02
711790  10,01,08,06,04,02,09,03,07,05   2018-07-31 19:02
711789  10,09,04,05,08,03,07,02,01,06   2018-07-31 19:02
711788  03,08,10,04,01,02,07,06,05,09   2018-07-31 19:02
711787  10,05,06,08,02,04,01,03,07,09   2018-07-31 19:02
711786  09,02,06,04,10,03,07,08,01,05   2018-07-31 19:02
711785  06,03,10,08,05,02,01,09,04,07   2018-07-31 19:02
711784  09,06,01,10,02,05,03,07,08,04   2018-07-31 19:02
